#EVENT 2022-08-17 08:00 - 2022-09-30 21:00 (missing data 2022-09-06 09:00-11:00)
#time(s)	S_t (W.m2)(meteoblue)	T_a(C)(eddy)	wind_speed(m/s)(eddy)	cloud_cover(-)(meteoblue)	relative_humidity(-)(eddy)
0	148	21.6900000000001	0.9695265	0.01	0.620585
3600	322	23.7455	0.920719	0	0.5062985
7200	473	25.532	0.616223	0.02	0.429945
10800	604	26.357	0.960786	0	0.4064485
14400	719	27.2190000000001	0.8814705	0.14	0.375532
18000	747	27.7715000000001	0.9549215	0.1	0.3655605
21600	658	28.5120000000001	1.225727	0.09	0.3407155
25200	736	29.0985	0.438726	0.186	0.3228185
28800	549	29.3685	1.5329	0.26400002	0.3214745
32400	499	29.3055000000001	2.114215	0.43	0.33307
36000	369	28.409	2.94776	0.28800001	0.384082
39600	201	26.9645	1.168932	0.30000002	0.4486705
43200	62	25.4805	0.511057	0.30000002	0.4919285
46800	1	24.9875000000001	0.5463125	0.36	0.4844295
50400	0	24.381	0.449738	0.34	0.4920035
54000	0	22.3835	0.369481	0.48	0.582331
57600	0	21.4415	0.1497995	0.49	0.623436
61200	0	20.9705	0.382118	0.85	0.638573
64800	0	20.7625	0.3089065	0.6	0.6441805
68400	0	20.921	0.4834915	0.291	0.609869
72000	0	20.064	0.542089	0.231	0.645947
75600	0	19.059	0.1341621	0.27900002	0.698561
79200	0	19.5675	0.45655	0.37	0.7132005
82800	31	21.2155	1.025127	0.57	0.6811235
86400	130	22.2845	0.3633255	0.9	0.638225
90000	144	23.1995000000001	0.8458165	0.98	0.5915065
93600	205	24.947	2.903995	0.6	0.52106
97200	398	26.241	3.406615	0.30000002	0.474272
100800	605	27.4985	2.326625	0.75	0.4568265
104400	571	28.5415	2.482735	0.66	0.4370265
108000	624	29.217	1.42669	0.33	0.4054705
111600	663	29.6255	2.286265	0.49	0.4121985
115200	551	29.6815	1.631315	0.47	0.4159585
118800	435	29.8575	0.5088695	0.35	0.4094855
122400	301	29.34	0.5379915	0.4	0.387954
126000	128	27.1885	0.349857	0.297	0.498141
129600	48	26.5635	0.9099885	0.29400002	0.504036
133200	1	25.955	1.49211	0.25800001	0.5141255
136800	0	24.1355	3.13728	0.57	0.6027695
140400	0	23.202	3.049105	0.51	0.6520875
144000	0	22.765	3.561	0.94	0.684757
147600	0	21.4245	4.32338	1	0.811635
151200	0	21.774	2.15788	0.9	0.734385
154800	0	21.336	1.783295	0.29	0.726555
158400	0	21.0415	2.01267	0.192	0.752006
162000	0	20.603	1.872175	0.27900002	0.792956
165600	0	20.599	2.90152	0.92	0.8114765
169200	21	21.0605	3.11299	0.86	0.793826
172800	86	21.679	2.76153	0.27900002	0.7602245
176400	247	22.2520000000001	1.804405	0.28500002	0.700063
180000	324	22.7860000000001	1.18742	0.36	0.6704545
183600	337	23.2555	0.3919385	0.53	0.6513455
187200	341	23.298	0.7647005	0.54	0.6535165
190800	242	23.5225	1.21524	0.30000002	0.6471185
194400	384	23.7975	1.875505	0.291	0.63156
198000	394	24.307	1.899125	0.297	0.6159895
201600	351	24.535	1.72862	0.4	0.6027275
205200	259	24.6015	2.27508	0.79	0.612554
208800	177	24.1835	2.14931	0.43	0.6267615
212400	92	23.4400000000001	2.2366	0.91	0.658573
216000	36	22.474	2.50751	1	0.70244
219600	0	20.6725	1.71972	0.97	0.7975095
223200	0	19.728	1.506325	0.48	0.8382575
226800	0	19.3770000000001	0.8473605	0.47	0.8509245
230400	0	18.8565	0.6225975	0.6	0.883871
234000	0	18.6605000000001	1.057835	1	0.893341
237600	0	18.66	1.09796	1	0.889107
241200	0	18.925	1.63289	1	0.867267
244800	0	18.9615	1.658895	0.99	0.856944
248400	0	18.8685	1.992085	0.44	0.8481145
252000	0	18.953	1.992505	0.5	0.8161045
255600	5	18.5615	2.574665	0.34	0.7992955
259200	33	18.6935	2.903915	0.62	0.7743645
262800	91	18.7365	2.420565	0.72	0.740354
266400	121	18.091	1.21835	0.66	0.774359
270000	68	16.816	1.97195	0.79	0.8533795
273600	61	16.473	1.782515	1	0.8874785
277200	106	16.462	2.464535	1	0.911553
280800	84	16.5775	2.68528	1	0.92043
284400	83	16.7455	2.124335	1	0.9250555
288000	134	18.0555000000001	2.1035	0.97	0.855016
291600	72	18.7955000000001	1.78695	0.95	0.8017715
295200	55	18.6635	1.89132	1	0.7947735
298800	36	18.6035000000001	1.836295	0.96	0.7883305
302400	11	18.3235	1.0716935	0.61	0.795971
306000	0	17.5	1.520475	1	0.832681
309600	0	17.2565	1.32329	1	0.8453505
313200	0	16.9965	0.7010335	1	0.862047
316800	0	16.4970000000001	0.4094765	0.98	0.8937295
320400	0	16.6675	1.08548	0.35	0.878879
324000	0	16.8255	1.135875	0.41	0.86805
327600	0	16.531	1.48222	0.72	0.889325
331200	0	16.4215	1.1185235	0.96	0.9000945
334800	0	16.5765	1.107685	0.92	0.8956225
338400	0	16.6725	0.875894	0.77	0.897595
342000	10	16.794	0.721295	0.42	0.894223
345600	38	17.817	1.39256	0.17	0.831476
349200	218	18.411	0.8281535	0.26	0.8171155
352800	150	19.0145	1.249595	0.23	0.801121
356400	339	19.3075	1.464465	0.34	0.773911
360000	397	20.143	2.11788	0.66	0.70532
363600	393	20.8530000000001	1.925645	0.74	0.6786355
367200	458	21.2330000000001	2.66254	0.77	0.6134975
370800	524	21.352	2.712625	0.62	0.5502485
374400	353	21.1045	2.676675	0.56	0.538996
378000	324	20.4755	2.1108	0.48	0.563053
381600	217	19.9675	1.513185	0.29	0.571634
385200	106	19.8495	1.37067	0.12	0.5342485
388800	36	18.728	0.9382075	0.201	0.562155
392400	0	17.0105	0.600242	0.17400002	0.6311185
396000	0	16.1885	0.4570115	0.27000002	0.64787
399600	0	14.6055	0.5699435	0.27000002	0.732023
403200	0	14.5285	0.2996635	0.282	0.7365455
406800	0	14.125	0.2762035	0.28800001	0.7475115
410400	0	13.9185	0.1178401	0.29400002	0.7614825
414000	0	13.4735000000001	0.3344075	0.29400002	0.790006
417600	0	13.782	0.3558595	0.29400002	0.7853545
421200	0	13.8945	0.383944	0.28800001	0.792033
424800	0	15.6565000000001	0.946542	0.30000002	0.734965
428400	11	16.379	1.082032	0.30000002	0.7151845
432000	46	17.027	1.2589265	0.30000002	0.7017625
435600	178	18.169	2.72722	0.5	0.66603
439200	189	18.3175	2.98251	0.9	0.6321035
442800	158	18.533	2.501605	1	0.598829
446400	177	18.8105	2.30406	0.56	0.5892595
450000	139	19.0745	2.50148	0.88	0.59813
453600	167	18.717	2.433915	0.69	0.6418205
457200	162	18.6320000000001	2.14786	0.6	0.651846
460800	110	19.0135	1.95056	0.53	0.6447065
464400	94	18.1130000000001	1.704295	0.71	0.72391
468000	71	17.3585	1.44238	0.75	0.7574425
471600	33	16.735	1.52554	0.85	0.7535325
475200	12	15.9545	1.2046	0.67	0.778451
478800	0	15.8175	1.1927	0.93	0.7866945
482400	0	16.0885	1.277365	1	0.778521
486000	0	15.972	1.264995	0.98	0.788721
489600	0	15.9825	1.363385	1	0.788943
493200	0	16.0845	1.496665	1	0.7873065
496800	0	16.424	1.824495	0.74	0.7691355
500400	0	16.4295	1.0291185	0.77	0.776227
504000	0	16.413	1.30878	0.93	0.796105
507600	0	16.7825	1.91309	0.76	0.7909575
511200	0	16.8155	1.64804	0.65	0.7991025
514800	11	16.6585	1.83333	0.82	0.8068505
518400	64	16.9375	1.36232	1	0.807127
522000	71	17.3855	1.664595	0.99	0.797985
525600	111	17.6425	1.670035	1	0.7897985
529200	152	18.104	1.77538	1	0.7681095
532800	193	18.4465	1.77577	1	0.756503
536400	143	18.7895	1.46169	1	0.7488355
540000	97	18.4875000000001	1.99175	1	0.7664115
543600	129	18.2760000000001	1.25371	1	0.805827
547200	170	18.403	1.091125	0.98	0.8097325
550800	105	18.8655	0.966943	0.99	0.777969
554400	77	19.1225000000001	0.8821535	0.62	0.7813595
558000	71	19.1355	0.5914935	0.15	0.7875755
561600	19	19.0170000000001	0.424127	0.27	0.797742
565200	0	18.573	0.5113855	0.56	0.820908
568800	0	18.66	0.590339	0.51	0.80496
572400	0	18.703	0.327329	0.39	0.80612
576000	0	18.693	0.502053	1	0.8083375
579600	0	18.746	0.504476	0.98	0.7966585
583200	0	18.536	0.4818165	0.88	0.810825
586800	0	18.6675	0.432751	0.44	0.7924935
590400	0	18.375	0.1723045	0.2	0.822299
594000	0	18.0835	0.492361	0.23	0.850168
597600	0	17.2075	0.6808055	0.32	0.8997955
601200	9	17.8025	0.8877885	1	0.869212
604800	48	18.3435	0.440338	0.92	0.8484045
608400	130	19.072	0.293446	0.94	0.8461745
612000	194	19.447	1.0304565	0.66	0.8471345
615600	341	19.729	1.34338	0.72	0.8411315
619200	477	20.5565	1.778975	0.4	0.8053065
622800	591	20.781	0.8597155	0.62	0.787773
626400	508	21.9855	0.8847865	0.31	0.7147035
630000	565	22.3865	0.701616	0.37	0.709929
633600	483	22.7835	0.945603	0.35	0.6766735
637200	308	23.168	1.02759	0.36	0.6485085
640800	229	23.1215	1.09151	0.46	0.6544475
644400	149	22.097	0.2748675	0.27	0.728409
648000	31	20.7295	0.0703432	0.21	0.7736985
651600	0	20.428	0.06976525	0.13	0.780027
655200	0	20.316	0.2186541	0.04	0.7821205
658800	0	20.0125	0.176756	0.066000004	0.7873545
662400	0	19.2055	0.4961795	0.108	0.8121765
666000	0	18.4655	0.2304575	0.177	0.831145
669600	0	17.6635	0.306916	0.27900002	0.8560335
673200	0	16.878	0.296294	0.28500002	0.8755415
676800	0	16.0855	0.286527	0.28800001	0.8903755
680400	0	15.958	0.304904	0.6	0.9071455
684000	0	15.6635	0.425674	0.99	0.9518185
687600	16	17.5285	0.3517495	1	0.935479
691200	75	19.9695	0.7073385	1	0.8489625
694800	150	21.2955000000001	1.475695	0.98	0.782602
698400	297	22.672	1.778635	0.94	0.6992395
702000	390	23.71	1.8363	0.59	0.643508
705600	474	23.8870000000001	2.44072	0.26	0.6547375
709200	478	24.288	1.70589	0.21	0.6439045
712800	481	24.621	1.59851	0.39	0.626942
716400	447	25.0395	1.24828	0.46	0.6073505
720000	452	25.391	1.095225	0.24900002	0.587811
723600	375	25.4455	1.70764	0.252	0.602611
727200	231	25.2765000000001	1.33725	0.276	0.643821
730800	105	23.7685	2.814585	0.29	0.682261
734400	32	22.6985	1.038289	0.27	0.706459
738000	0	22.3375	0.743976	0.26	0.737414
741600	0	21.9785000000001	0.316573	0.222	0.765759
745200	0	21.7525000000001	0.465238	0.21	0.7677255
748800	0	21.184	0.1505845	0.68	0.785969
752400	0	20.6535	0.2890685	0.27	0.801452
756000	0	20.223	0.300376	0.45	0.8179155
759600	0	20.071	0.08596135	0.21	0.82663
763200	0	19.8685	0.2603435	0.24	0.8335245
766800	0	19.939	0.226341	0.29	0.829952
770400	0	19.501	0.273118	0.52	0.8473695
774000	16	19.3875	0.224612	0.41	0.880912
777600	89	21.729	0.62157	0.282	0.81276
781200	215	22.658	0.6408405	0.27	0.748367
784800	354	24.0315000000001	0.9547715	0.24	0.6847465
788400	361	24.5025000000001	2.12408	0.18	0.6709635
792000	362	25.1175000000001	1.659175	0.4	0.6093945
795600	275	25.7915	1.559225	0.297	0.559161
799200	355	25.373	1.77845	0.78	0.5710615
802800	452	22.38	2.804155	0.41	0.7190695
806400	342	20.4605	3.284515	0.45	0.8232045
810000	269	19.2345	1.512438	0.45	0.876378
813600	156	19.4400000000001	0.8987185	0.62	0.87629
817200	91	19.462	0.254059	0.29400002	0.874782
820800	24	19.3665	0.5948725	0.29400002	0.8855585
824400	0	18.7255	0.6875405	0.297	0.9102235
828000	0	18.5455000000001	1.8262	0.30000002	0.899197
831600	0	18.373	0.9808845	0.30000002	0.904976
835200	0	17.1985	0.5235253	0.58	0.979234
838800	0	18.4695	1.88992	0.46	0.9215895
842400	0	19.502	0.9919495	0.67	0.8634185
846000	0	18.5765	1.69062	1	0.918479
849600	0	18.163	1.665445	1	0.9392125
853200	0	18.778	1.0733885	1	0.8929645
856800	0	19.135	0.376795	1	0.8693245
860400	11	18.9695	1.7153	1	0.891117
864000	87	20.037	1.88968	0.79	0.8385625
867600	113	19.654	2.434365	0.84	0.8689695
871200	214	20.1215	1.65582	0.34	0.8476645
874800	238	20.776	1.984555	0.56	0.800105
878400	221	21.6035000000001	2.041035	0.62	0.7336355
882000	336	21.958	1.87002	0.51	0.70288
885600	393	21.876	1.747815	0.86	0.72686
889200	345	21.5245	2.03774	0.88	0.743541
892800	216	22.0975	1.66498	0.77	0.7054925
896400	237	22.2325	1.858005	1	0.685566
9e+05	190	21.3415	1.1247755	1	0.7565115
903600	92	20.5715	0.8921535	1	0.8229025
907200	20	20.2915	0.7102535	1	0.819327
910800	0	20.0725	0.638533	1	0.814981
914400	0	19.73	1.21637	0.68	0.827701
918000	0	19.4665	1.102615	0.81	0.8317175
921600	0	19.3165	0.873473	0.97	0.825004
925200	0	19.403	1.31532	1	0.8187855
928800	0	19.3515	1.48233	0.95	0.8090405
932400	0	19.3685	1.348595	1	0.7993185
936000	0	19.3345	0.6803935	0.98	0.800306
939600	0	19.215	1.31005	0.99	0.7930755
943200	0	19.1325000000001	1.958655	1	0.7627595
946800	3	19.0360000000001	2.482255	1	0.7421775
950400	18	18.9555	1.90888	1	0.744723
954000	22	18.766	1.72079	1	0.764555
957600	89	18.893	2.175715	1	0.729677
961200	138	18.5395	2.09772	0.99	0.7217375
964800	226	18.6355	1.5519	1	0.7048225
968400	247	19.465	1.711105	0.74	0.670808
972000	160	20.507	1.789375	0.66	0.636751
975600	127	20.6155	1.966545	0.94	0.640159
979200	245	20.2115	1.79455	0.71	0.663975
982800	213	20.3985	1.90356	0.65	0.6551635
986400	250	20.246	1.57906	0.7	0.653831
990000	131	19.7105	1.1083185	0.39	0.670255
993600	29	18.163	0.425343	0.282	0.731949
997200	0	16.6155	0.416457	0.18	0.80033
1000800	0	16.312	0.33949	0.10200001	0.792394
1004400	0	15.395	0.4930585	0.12	0.8224405
1008000	0	14.524	0.159042	0.05	0.8373365
1011600	0	13.688	0.241101	0.054	0.85414
1015200	0	12.8655	0.17113485	0.05	0.8708745
1018800	0	11.696	0.2024215	0.01	0.915183
1022400	0	10.861	0.16497115	0.04	0.9437965
1026000	0	10.9880000000001	0.4180245	0.06	0.941716
1029600	0	10.4875000000001	0.3156286	0.16	0.965288
1033200	14	13.2125	0.385938	0.05	0.8847075
1036800	111	15.8575	1.153288	0.03	0.7422455
1040400	254	16.99	1.68135	0.01	0.642243
1044000	415	17.6665	0.8292985	0.01	0.62891
1047600	561	18.787	1.622955	0.03	0.610474
1051200	664	20.196	2.89567	0.45	0.5584325
1054800	664	21.187	2.005925	0.9	0.4895805
1058400	524	21.8615	1.6059	1	0.4803435
1062000	370	21.9755	0.5198675	0.97	0.477859
1065600	272	22.643	0.978189	0.8	0.4631575
1069200	288	22.9665	1.45477	0.81	0.4769675
1072800	221	22.3465	1.173975	0.22	0.5118955
1076400	110	20.8125	2.29087	0.11	0.542916
1080000	27	19.4585000000001	1.96861	0.05	0.5879675
1083600	0	17.9455	0.979114	0.07	0.6562285
1087200	0	17.1165	0.4541085	0.051000004	0.672882
1090800	0	16.3165	0.279302	0.03	0.6996615
1094400	0	15.7125	0.5277025	0.1	0.701392
1098000	0	14.348	0.2300915	0.41	0.765595
1101600	0	13.8365	0.295956	0.36	0.777968
1105200	0	13.7915	0.3035665	0.49	0.7908405
1108800	0	13.8115	0.09100125	0.56	0.807845
1112400	0	13.6900000000001	0.4313485	0.35	0.81212
1116000	0	14.1945000000001	0.346122	0.36	0.81683
1119600	7	15.3525	0.3638455	0.93	0.8015575
1123200	54	16.494	0.648075	0.87	0.7630785
1126800	142	17.0625	0.843941	0.77	0.7399565
1130400	159	17.7995	1.74248	0.7	0.699192
1134000	206	18.8340000000001	1.558205	0.58	0.6375695
1137600	276	19.8995	2.48617	0.62	0.566717
1141200	366	20.3295000000001	2.05128	0.5	0.501384
1144800	544	20.78	1.38699	0.49	0.5149365
1148400	494	21.35	1.954725	0.72	0.488552
1152000	442	21.737	1.89351	0.89	0.487415
1155600	379	21.6885	1.96291	0.77	0.512473
1159200	248	21.274	2.109625	0.42	0.561214
1162800	109	19.9515	1.1171445	0.44	0.6149795
1166400	21	18.495	0.4345285	0.33	0.66901
1170000	0	18.0205	0.6137795	0.37	0.679118
1173600	0	17.305	0.6407645	0.29	0.7080775
1177200	0	17.3605	0.951416	0.34	0.703997
1180800	0	17.187	0.729358	0.3	0.700683
1184400	0	16.536	0.2210285	0.291	0.725823
1188000	0	16.595	0.532763	0.297	0.7193965
1191600	0	16.5675	1.1231535	0.297	0.7225975
1195200	0	16.6685	1.723805	0.32	0.720829
1198800	0	16.5075000000001	1.64323	0.27000002	0.721211
1202400	0	16.479	2.008135	0.276	0.7357535
1206000	7	16.685	1.7884	0.29400002	0.743372
1209600	63	16.857	2.025405	0.28800001	0.7478425
1213200	158	17.436	2.384145	0.31	0.7284305
1216800	73	17.9595	3.587465	0.58	0.704591
1220400	69	18.729	3.576535	0.51	0.6660605
1224000	62	19.234	4.035385	0.99	0.6221375
1227600	95	19.625	3.531935	0.65	0.598428
1231200	98	19.7545	2.929945	0.7	0.597927
1234800	102	19.891	2.81694	0.72	0.595292
1238400	90	19.961	2.70951	0.75	0.586856
1242000	78	19.9110000000001	2.988915	0.96	0.555321
1245600	89	19.5105	2.6898	0.89	0.558691
1249200	35	18.8905	2.632445	0.37	0.5816255
1252800	11	17.98	2.37582	0.37	0.630698
1256400	0	17.4305000000001	2.09283	0.34	0.6437295
1260000	0	16.8290000000001	0.881412	0.30000002	0.676646
1263600	0	16.3375	0.821363	0.297	0.700289
1267200	0	15.7275000000001	0.601431	0.8	0.7289275
1270800	0	15.6955	0.184517	0.75	0.734551
1274400	0	16.0465	0.475543	0.71	0.7317375
1278000	0	15.703	0.7985005	0.7	0.7254705
1281600	0	15.2035	0.411411	0.57	0.7301635
1285200	0	15.2135000000001	0.588116	0.62	0.737549
1288800	0	14.773	0.324908	0.6	0.7451625
1292400	9	15.2145	0.7200975	0.49	0.731884
1296000	101	16.072	1.39071	0.39	0.678159
1299600	216	16.045	1.12875	0.31	0.6606485
1303200	268	17.7365	1.816595	0.44	0.546222
1306800	439	18.436	2.124435	0.64	0.5241285
1310400	437	18.7230000000001	1.481765	0.6	0.4437265
1314000	424	19.314	2.397825	0.46	0.394509
1317600	430	19.2330000000001	2.1602	0.55	0.41229
1321200	431	19.464	1.30426	0.66	0.4375335
1324800	351	19.0505000000001	0.490514	0.57	0.4462525
1328400	331	19.4735000000001	1.43776	0.55	0.4508745
1332000	149	19.0615	0.7083265	0.46	0.5090065
1335600	111	18.1325000000001	0.639081	0.48	0.570973
1339200	17	17.52	2.368825	0.31	0.52953
1342800	0	16.5225	1.1991125	0.19	0.596239
1346400	0	15.7785	1.05773	0.13	0.636512
1350000	0	15.4855	0.784329	0.15	0.6327095
1353600	0	14.5125	0.918696	0.46	0.651237
1357200	0	13.6725	0.929516	0.38	0.670564
1360800	0	13.2985	0.2870335	0.43	0.6792625
1364400	0	13.6320000000001	0.793151	0.51	0.6698075
1368000	0	13.369	1.21686	0.74	0.6740485
1371600	0	12.2195	0.9570425	0.84	0.7106735
1375200	0	10.3995	0.1588131	0.78	0.8070495
1378800	11	12.1985	1.492655	0.38	0.7341915
1382400	114	14.556	1.81369	0.27	0.629878
1386000	247	15.842	1.727915	0.15	0.569407
1389600	407	16.83	2.02913	0.05	0.5167835
1393200	562	17.4875	2.479115	0.18	0.4605195
1396800	652	18.021	2.44371	0.43	0.423655
1400400	614	18.4575	2.690935	0.89	0.3891115
1404000	541	19.0955	3.49446	0.97	0.3691495
1407600	540	19.1675	2.210425	1	0.3698375
1411200	354	19.403	2.427865	0.96	0.365385
1414800	237	19.4060000000001	2.20347	0.81	0.3822515
1418400	158	18.681	2.21561	0.43	0.4296505
1422000	81	17.9875	1.4477345	0.57	0.4573715
1425600	12	17.7525000000001	1.1997805	0.51	0.4637655
1429200	0	17.197	0.921346	0.59	0.48035
1432800	0	16.3680000000001	1.0609795	0.16	0.516757
1436400	0	15.458	1.83646	0.04	0.5548405
1440000	0	14.328	0.9569215	0.32	0.6012815
1443600	0	13.248	0.8748355	0.25	0.641394
1447200	0	11.1025	0.511101	0.18	0.7375475
1450800	0	10.364	0.1257722	0.11	0.7580085
1454400	0	10.412	0.3032895	0.03	0.747287
1458000	0	10.2115	0.3634152	0.138	0.7502065
1461600	0	10.6800000000001	0.927181	0.26400002	0.7481655
1465200	10	11.137	1.3844005	0.237	0.75182
1468800	95	13.3675000000001	1.808775	0.17400002	0.664158
1472400	241	14.5105	1.688075	0.225	0.6272665
1476000	396	15.5925	1.938195	0.267	0.6017055
1479600	537	16.3905	1.2549065	0.27000002	0.5665665
1483200	638	17.9355	1.29789	0.2	0.4881065
1486800	688	19.319	1.565445	0.09	0.45478
1490400	688	19.769	1.593	0.32	0.4541795
1494000	625	20.314	1.98987	0.48	0.4636425
1497600	378	20.454	1.480815	0.99	0.476413
1501200	274	20.8345	1.0547035	1	0.4766805
1504800	173	20.388	0.8694475	0.85	0.5295445
1508400	70	18.855	0.351099	0.55	0.599031
1512000	11	17.9655	0.2830975	0.74	0.6394305
1515600	0	18.8495	1.4858675	0.8	0.570881
1519200	0	18.7175	1.911155	0.41	0.5614915
1522800	0	17.937	1.0121465	0.35	0.612353
1526400	0	17.2335	0.828448	0.85	0.656359
1530000	0	16.893	0.36962	0.98	0.6837
1533600	0	16.5565	0.3375555	0.51	0.687847
1537200	0	16.0375	0.5070605	0.18	0.714498
1540800	0	15.9395000000001	0.6248245	0.17	0.7276795
1544400	0	16.0115000000001	0.521025	0.04	0.7288855
1548000	0	15.956	0.645976	0.1	0.749756
1551600	7	15.8820000000001	0.3642585	0.14	0.7447615
1555200	81	16.34	0.415504	0.3	0.7354595
1558800	226	18.009	0.6992095	0.5	0.6608235
1562400	381	18.8175	0.7472555	0.59	0.6255455
1566000	519	20.1905	0.6007995	0.36	0.571935
1569600	579	21.7585	0.7440095	0.1	0.5129185
1573200	629	22.2620000000001	1.73413	0.47	0.5116235
1576800	633	22.828	0.988049	0.43	0.493944
1580400	533	22.9235	1.314805	0.51	0.4849505
1584000	396	23.0475	1.1851	0.49	0.4765815
1587600	222	23.0700000000001	0.4359035	0.52	0.510234
1591200	202	22.3645	0.2249315	0.49	0.5766565
1594800	85	21.325	0.379303	0.31	0.6306
1598400	10	21.0675	0.458932	0.32	0.6160455
1602000	0	20.4955	0.3780305	0.25	0.612548
1605600	0	20.1715	0.4675125	0.26	0.6315705
1609200	0	19.1295	0.492228	0.17	0.664617
1612800	0	17.8755	0.336522	0.42	0.704616
1616400	0	17.095	0.302712	0.49	0.728866
1620000	0	16.4775	0.435146	0.45	0.755519
1623600	0	15.715	0.4117815	0.39	0.7828985
1627200	0	15.258	0.552833	0.36	0.8103685
1630800	0	15.1525	1.253165	0.33	0.8644175
1634400	0	14.63	1.457435	0.33	0.9017075
1638000	7	14.8645	0.7280335	0.36	0.9091255
1641600	88	15.5325	1.0651835	0.94	0.885426
1645200	132	16.5625	1.13981	0.78	0.856298
1648800	244	17.3055000000001	0.9394645	0.73	0.837777
1652400	326	18.6825	1.17143	0.8	0.7965205
1656000	471	21.3225	2.0661	0.81	0.6739415
1659600	480	21.8975	1.844685	0.31	0.6381515
1663200	582	22.354	1.80721	0.08	0.6051165
1666800	535	22.7205	1.37638	0.19	0.57795
1670400	427	22.8925	1.54256	0.23	0.552436
1674000	339	22.9245	1.241255	0.17	0.548048
1677600	199	22.582	0.521587	0.7	0.573497
1681200	76	20.8870000000001	0.10831235	0.38	0.6477655
1684800	7	19.5035	0.3715955	0.28	0.7001175
1688400	0	18.501	0.3932235	0.44	0.7391705
1692000	0	17.647	0.418874	0.34	0.7648575
1695600	0	16.702	0.1232555	0.24	0.791602
1699200	0	16.6975	0.2604865	0.64	0.79668
1702800	0	16.8440000000001	0.215551	0.59	0.791565
1706400	0	15.8440000000001	0.5815705	0.66	0.814817
1710000	0	15.731	0.3454145	0.55	0.811137
1713600	0	15.446	0.2606335	0.41	0.817361
1717200	0	15.1125	0.3596784	0.28800001	0.828457
1720800	0	14.9415	0.5341715	0.27300001	0.8367175
1724400	6	16.1130000000001	1.079005	0.28500002	0.818395
1728000	79	17.143	0.625054	0.14700001	0.770207
1731600	603	21.8695	1.27501	0.18900002	0.60376
1746000	643	22.74	1.35839	0.21	0.573842
1749600	632	23.3870000000001	1.0999135	0.99	0.5345935
1753200	582	23.0735	0.9828515	0.95	0.551556
1756800	428	18.668	0.221444	0.7	0.801629
1760400	294	19.2955	1.096397	0.42	0.8388435
1764000	180	19.8205	0.38342415	0.52	0.8156125
1767600	84	18.996	0.4008257	0.53	0.810223
1771200	9	17.6410000000001	0.0792597	0.38	0.847664
1774800	0	17.2965	0.4380485	0.31	0.8409405
1778400	0	16.6825	0.533281	0.201	0.842137
1782000	0	15.5285	0.2015895	0.21	0.8680845
1785600	0	14.8655	0.3716225	0.26	0.8811305
1789200	0	13.5210000000001	0.1159955	0.26	0.911378
1792800	0	12.693	0.1940748	0.99	0.9325565
1796400	0	11.9525	0.3250625	1	0.9664445
1800000	0	11.3085	0.3354585	0.99	0.990973
1803600	0	11.374	0.432229	1	1
1807200	0	12.1165	0.594903	1	1
1810800	6	11.931	0.3051495	1	1
1814400	88	14.3235	0.904444	1	0.9559525
1818000	146	16.1420000000001	0.847881	0.88	0.9250695
1821600	273	17.1700000000001	1.826175	0.57	0.906121
1825200	490	19.0120000000001	1.748475	0.52	0.8264155
1828800	582	20.4525	1.36955	0.38	0.7866985
1832400	533	20.864	0.9438205	0.28800001	0.766736
1836000	407	22.4	1.49434	0.47	0.7154095
1839600	310	23.5485	1.824085	0.201	0.6566925
1843200	410	24.115	1.4426	0.29400002	0.627095
1846800	314	23.7005	1.42234	0.291	0.6624615
1850400	240	23.3755	0.657903	0.23400002	0.6813525
1854000	97	22.3910000000001	0.746821	0.225	0.727818
1857600	8	20.7135000000001	0.8568755	0.12900001	0.7912775
1861200	0	19.5155	0.3792105	0.13500001	0.826678
1864800	0	18.5175	0.248357	0.1	0.8413965
1868400	0	17.6525	0.367826	0.21300001	0.858027
1872000	0	16.808	0.457771	0.21900002	0.8804075
1875600	0	16.0435	0.343934	0.42	0.881429
1879200	0	15.2765	0.278208	0.41	0.916106
1882800	0	14.9995	0.588619	0.41	0.916179
1886400	0	14.452	0.5276395	0.42	0.9255575
1890000	0	14.4605	0.1774025	0.41	0.9299885
1893600	0	14.6605000000001	0.540862	0.74	0.9392435
1897200	5	15.8870000000001	0.66079	0.97	0.8950725
1900800	56	16.3135	0.9937405	0.98	0.898161
1904400	114	16.1705000000001	0.902209	0.95	0.927444
1908000	112	17.4325	3.571435	0.98	0.877557
1911600	42	17.5975	4.29115	1	0.8754785
1915200	59	17.9945	4.845785	0.98	0.8461385
1918800	199	18.835	4.70489	0.45	0.799943
1922400	343	19.426	5.82044	1	0.737092
1926000	323	19.8265	6.00341	1	0.662
1929600	240	19.684	4.9941	0.9	0.6792
1933200	299	19.6425	4.789865	0.35	0.6592885
1936800	238	18.9495000000001	2.581455	0.02	0.6972395
1940400	94	17.9135	0.835994	0.1	0.7295225
1944000	8	16.6565000000001	0.777877	0.15	0.7652935
1947600	0	15.772	1.211745	0.12	0.773693
1951200	0	15.0885	0.56283	0.04	0.790457
1954800	0	14.9680000000001	1.2670945	0.01	0.802147
1958400	0	14.937	2.49704	0.24	0.8137355
1962000	0	15.0045	2.851035	0.41	0.8239945
1965600	0	14.85	2.65627	0.49	0.8315115
1969200	0	14.452	1.77983	0.16	0.836938
1972800	0	14.0925	1.618865	0.267	0.8397625
1976400	0	13.977	2.245295	0.096	0.8455015
1980000	0	13.571	1.6842	0.0090000004	0.8554885
1983600	5	12.6455	0.852035	0.25800001	0.8906945
1987200	84	14.9455	1.287895	0.27900002	0.8635605
1990800	190	16.9085	2.562585	0.28500002	0.802946
1994400	362	18.4025	2.404765	0.26400002	0.715835
1998000	462	20.0700000000001	4.23812	0.25500002	0.5863285
2001600	470	21.0515	5.29635	0.43	0.5315815
2005200	463	20.9715	4.97832	0.61	0.5441035
2008800	428	20.6705000000001	4.141015	0.83	0.5742245
2012400	350	20.4085	3.606205	0.69	0.548847
2016000	301	20.448	3.5569	0.32	0.5423425
2019600	268	20.5985000000001	3.13944	0.2	0.5347765
2023200	156	20.0875	2.835955	0.33	0.548172
2026800	41	17.8795	1.112137	0.26	0.585296
2030400	4	17.031	1.8172825	0.23	0.640766
2034000	0	16.8425	3.43008	0.27900002	0.64901
2037600	0	16.6245	2.962865	0.30000002	0.6398395
2041200	0	15.591	3.497585	0.30000002	0.7095015
2044800	0	14.9445	3.03371	0.3	0.728217
2048400	0	14.5205	2.191785	0.252	0.7384095
2052000	0	14.0775	3.13781	0.23	0.76151
2055600	0	13.775	1.968115	0.14700001	0.7715235
2059200	0	13.92	2.078855	0.141	0.767745
2062800	0	13.2325	2.747425	0.27	0.7938745
2066400	0	12.718	2.781455	0.33	0.8188675
2070000	4	13.711	3.04247	0.31	0.800445
2073600	82	14.732	3.381495	0.32	0.7788605
2077200	196	15.345	4.43045	0.36	0.7706325
2080800	339	15.5265000000001	4.09857	0.38	0.7719505
2084400	435	17.26	4.271815	0.29	0.6852915
2088000	481	18.022	5.50264	0.27	0.620177
2091600	489	18.462	6.48367	0.237	0.59358
2095200	387	18.039	4.1329	0.39	0.6271535
2098800	345	18.0625	4.96853	0.44	0.6380335
2102400	285	17.843	4.70477	0.49	0.6427335
2106000	239	18.428	3.419395	0.39	0.611428
2109600	143	17.9365	2.440135	0.261	0.6115815
2113200	61	16.961	2.587935	0.29	0.6519345
2116800	5	16.0555000000001	2.12884	0.25800001	0.7145695
2120400	0	15.756	1.37292	0.75	0.7447115
2124000	0	15.6895000000001	2.465185	0.82	0.7786195
2127600	0	15.5145	3.30609	0.97	0.7805675
2131200	0	15.1405	2.220405	0.48	0.781745
2134800	0	15.501	2.48749	0.6	0.7793175
2138400	0	15.4635	2.28596	0.63	0.7865635
2142000	0	15.383	2.156145	0.9	0.7897935
2145600	0	15.123	1.64336	0.58	0.7976965
2149200	0	15.0525	2.03703	0.84	0.796641
2152800	0	14.9265	1.425605	0.98	0.792873
2156400	1	14.6845000000001	1.258682	0.95	0.79724
2160000	20	14.9690000000001	1.751385	0.87	0.7989935
2163600	78	16.6855	1.62272	0.8	0.704153
2167200	206	17.176	1.886885	0.5	0.6801535
2170800	367	17.899	2.468535	0.52	0.645178
2174400	460	18.413	2.773045	0.24	0.603053
2178000	455	19.042	2.821	0.22	0.5600355
2181600	567	19.144	3.361465	0.31	0.5501485
2185200	486	18.6410000000001	4.287765	0.48	0.5726805
2188800	378	18.3495	3.585705	0.38	0.5768715
2192400	266	17.967	2.97914	0.25	0.581756
2196000	143	17.4965	1.2952355	0.3	0.5777485
2199600	70	16.684	1.0850355	0.2	0.6255105
2203200	4	15.7165	1.157735	0.19	0.671797
2206800	0	14.3935	0.761501	0.24	0.7213145
2210400	0	13.696	0.7812215	0.09	0.7444665
2214000	0	13.734	1.195041	0.1	0.7500175
2217600	0	13.5020000000001	1.472035	0.27	0.7483605
2221200	0	13.216	1.267375	0.36	0.752925
2224800	0	12.9	0.646449	0.4	0.755383
2228400	0	10.977	0.339861	0.71	0.8230585
2232000	0	10.9400000000001	0.3420445	0.82	0.838259
2235600	0	10.183	0.236076	0.74	0.84782
2239200	0	10.4915	0.601826	0.47	0.8554445
2242800	2	12.662	0.744351	0.25	0.82999
2246400	61	14.3025	2.035795	0.13	0.7896195
2250000	208	15.0145	1.1037025	0.07	0.765511
2253600	378	15.3715	0.6940165	0.2	0.7407815
2257200	458	17.179	1.106184	0.42	0.590409
2260800	464	17.8975	1.006934	0.52	0.4975175
2264400	516	18.566	1.1252205	0.54	0.505178
2268000	476	19.1385	0.795686	0.53	0.478153
2271600	445	19.1615	1.1020155	0.71	0.4733615
2275200	298	19.7325	0.9770825	0.73	0.4509845
2278800	208	19.4540000000001	0.391195	0.30000002	0.51288
2282400	114	18.5685	0.0646341	0.29400002	0.58851
2286000	47	17.2255	0.2264065	0.36	0.6378925
2289600	3	15.948	0.0961085	0.49	0.703802
2293200	0	15.5260000000001	0.214626	0.4	0.7148075
2296800	0	15.2155	0.2280615	0.06	0.7129215
2300400	0	14.289	0.363945	0.13	0.724626
2304000	0	12.822	0.127789	0.21900002	0.776073
2307600	0	11.1865	0.2579745	0.156	0.8391925
2311200	0	10.2955	0.3409575	0.027	0.862827
2314800	0	9.7255	0.2045825	0.08700001	0.878044
2318400	0	9.08	0.3497275	0.27300001	0.890004
2322000	0	8.346	0.2817295	0.276	0.9016285
2325600	0	8.38900000000001	0.45061005	0.048	0.91671
2329200	3	12.1915	2.587915	0.222	0.8594835
2332800	74	13.8050000000001	3.088695	0.19800001	0.798783
2336400	216	15.439	3.649755	0.14400001	0.7502395
2340000	349	17.3535000000001	4.220595	0.33	0.669352
2343600	415	18.5740000000001	3.706865	0.34	0.634471
2347200	429	19.051	4.067135	0.87	0.655377
2350800	244	19.66	4.05514	0.37	0.6220425
2354400	264	20.4765	4.774295	0.2	0.6099665
2358000	341	21.6735	4.30958	0.156	0.5723715
2361600	416	22.4385	5.397	0.32	0.52325
2365200	323	22.453	5.062115	0.25	0.5188495
2368800	194	21.6435	3.233	0.30000002	0.5477325
2372400	67	19.7885	2.00837	0.30000002	0.62346
2376000	3	18.5355	2.342455	0.30000002	0.6712155
2379600	0	18.017	2.542825	0.30000002	0.69441
2383200	0	17.903	2.702315	0.29400002	0.706891
2386800	0	17.373	2.893605	0.24300001	0.727132
2390400	0	17.4795	3.173025	0.46	0.735374
2394000	0	17.346	2.008865	0.72	0.7634725
2397600	0	16.8355	2.14694	0.87	0.8014445
2401200	0	16.3735	1.611522	0.30000002	0.8320215
2404800	0	16.5395	2.76066	0.94	0.824286
2408400	0	16.5105	1.6268135	0.75	0.828137
2412000	0	16.275	0.678703	1	0.8450535
2415600	0	16.0505000000001	2.38392	1	0.866096
2419200	11	16.0045	1.436885	1	0.8822905
2422800	12	16.373	2.462925	1	0.8813875
2426400	56	16.665	3.40623	1	0.884943
2430000	70	16.4655	3.219765	1	0.9025155
2433600	38	17.168	2.50077	1	0.878272
2437200	57	17.788	2.273755	1	0.8602665
2440800	108	18.365	2.413895	0.87	0.8419065
2444400	199	18.9160000000001	1.781605	0.30000002	0.823227
2448000	117	19.1845000000001	2.162225	0.30000002	0.8173925
2451600	131	19.3100000000001	1.601825	0.35	0.82166
2455200	112	19.394	1.66387	0.39	0.827719
2458800	29	19.3385000000001	2.29159	0.76	0.828301
2462400	1	18.9005	3.193345	0.56	0.848479
2466000	0	18.966	4.36677	0.30000002	0.84579
2469600	0	18.8155	4.399865	0.6	0.8413895
2473200	0	18.984	4.73233	0.69	0.8061345
2476800	0	18.6895	4.22122	0.97	0.803535
2480400	0	18.504	4.554755	0.52	0.806503
2484000	0	18.3955	2.933255	0.97	0.780183
2487600	0	17.4295	1.523645	0.82	0.800214
2491200	0	17.3985	0.8609135	0.82	0.7977165
2494800	0	16.948	0.9515795	0.67	0.8237135
2498400	0	16.395	0.27362665	0.69	0.856521
2502000	0	16.272	0.3361135	0.95	0.869605
2505600	6	16.451	1.561545	1	0.835365
2509200	21	16.3875	1.59389	1	0.83106
2512800	23	15.9375	1.8919	1	0.839333
2516400	46	15.4755	1.10185	1	0.8502805
2520000	37	15.5475	1.352235	0.97	0.840007
2523600	39	16.006	1.45215	1	0.7908825
2527200	143	16.3945	1.44681	1	0.761499
2530800	282	16.624	1.43078	1	0.745499
2534400	246	16.705	1.285845	1	0.7033675
2538000	150	16.5675	1.092055	1	0.696697
2541600	79	16.175	1.1537495	0.99	0.718287
2545200	35	15.8145000000001	1.127835	0.85	0.68106
2548800	1	15.241	0.969483	0.57	0.667883
2552400	0	14.3665	1.253365	0.55	0.678402
2556000	0	12.8605	1.53705	0.45	0.712926
2559600	0	12.8190000000001	1.75133	0.33	0.7247445
2563200	0	12.6145	1.9422	0.11	0.726211
2566800	0	12.5805	2.11865	0.2	0.7488695
2570400	0	12.5890000000001	1.44901	0.38	0.754086
2574000	0	12.717	2.250165	0.57	0.7533475
2577600	0	12.7475000000001	1.2246745	0.81	0.7650295
2581200	0	12.586	1.7666	0.98	0.7816335
2584800	0	12.543	2.432025	1	0.7940595
2588400	0	13.078	3.187375	1	0.7805215
2592000	9	13.8545	2.71986	0.9	0.7326115
2595600	73	14.1895	4.03929	0.49	0.6667145
2599200	177	14.562	3.51389	0.23	0.593155
2602800	358	14.8345	3.21757	0.32	0.5754545
2606400	533	14.965	2.39731	0.75	0.5770295
2610000	399	15.6595	2.0307	0.2	0.530173
2613600	468	15.831	2.24232	0.42	0.5181345
2617200	345	15.8295000000001	2.36428	0.67	0.514216
2620800	321	14.8325	2.860035	0.68	0.588508
2624400	242	13.9235	1.97128	0.65	0.669226
2628000	162	13.7280000000001	1.949	0.47	0.687392
2631600	58	13.1545	2.51603	0.36	0.655652
2635200	1	11.683	2.431215	0.43	0.68921
2638800	0	10.588	1.65487	0.17	0.748832
2642400	0	10.1475	1.8019055	0.01	0.7655595
2646000	0	10.073	2.22535	0	0.77208
2649600	0	9.532	2.82161	0.05	0.785804
2653200	0	10.057	3.397205	0.04	0.728273
2656800	0	10.1085	3.45657	0.01	0.71734
2660400	0	9.3845	3.56774	0.16	0.7452505
2664000	0	9.6365000000001	4.823485	0.47	0.755682
2667600	0	9.4225	4.76433	0.67	0.777855
2671200	0	9.5105	4.562315	0.94	0.77741
2674800	1	10.1305	3.708945	0.99	0.7582625
2678400	34	10.526	4.65871	0.98	0.7576885
2682000	48	8.9615	4.286445	1	0.894687
2685600	65	8.44900000000007	3.59242	1	0.950909
2689200	66	10.5005	3.817025	0.89	0.8720245
2692800	87	10.385	2.811275	0.76	0.885243
2696400	268	12.4715	2.254485	0.39	0.764269
2700000	362	12.106	2.36092	0.52	0.7086145
2703600	288	11.7670000000001	2.62915	0.38	0.6903615
2707200	312	12.622	2.8265	0.84	0.555641
2710800	243	12.3935	3.204355	0.55	0.5729295
2714400	131	11.9425	2.90945	0.67	0.5778195
2718000	44	10.484	2.73501	0.28	0.671007
2721600	1	10.7935	3.99231	0.22	0.648488
2725200	0	10.324	4.382695	0.31	0.6781095
2728800	0	10.035	4.214295	0.16	0.6939835
2732400	0	10.165	4.540815	0.15	0.6817035
2736000	0	10.249	4.70004	0.52	0.6636775
2739600	0	10.432	4.690685	0.95	0.6514275
2743200	0	9.7935	4.121285	0.96	0.708468
2746800	0	9.6095	4.54297	0.98	0.70382
2750400	0	9.6625	4.135375	0.96	0.6849505
2754000	0	9.718	4.133565	0.95	0.681934
2757600	0	9.7325	4.26195	0.81	0.6693115
2761200	0	9.532	4.020895	0.53	0.6608945
2764800	37	9.8960000000001	4.445235	0.21	0.6618655
2768400	198	10.615	4.095685	0.26	0.629877
2772000	261	10.6935	4.75515	0.37	0.603015
2775600	386	11.657	4.783715	0.29	0.542772
2779200	455	12.6885	4.28841	0.58	0.5087355
2782800	478	12.157	5.507585	0.71	0.6123375
2786400	516	12.731	5.941015	0.85	0.6089945
2790000	317	13.0765	5.553695	0.81	0.5687675
2793600	188	13.1365	5.28424	0.9	0.595151
2797200	178	11.293	3.29084	1	0.739761
2800800	75	10.034	3.44728	1	0.847935
2804400	13	8.64300000000003	2.796315	0.73	0.8880085
2808000	0	7.88650000000001	1.792135	0.22	0.9044345
2811600	0	7.89400000000001	2.423075	0.17400002	0.8458685
2815200	0	8.07100000000003	3.158955	0.55	0.8450425
2818800	0	8.68900000000002	3.0834	0.98	0.832937
2822400	0	8.97900000000004	3.626495	0.99	0.7594435
2826000	0	8.44900000000001	3.44101	0.98	0.7353375
2829600	0	7.99599999999998	4.111565	0.9	0.763333
2833200	0	7.89700000000005	4.576155	0.98	0.79429
2836800	0	8.15449999999998	4.239875	0.72	0.7922065
2840400	0	8.42750000000001	3.51221	0.76	0.7873125
2844000	0	8.95150000000001	2.853225	0.99	0.7596605
2847600	0	9.023	2.520595	0.89	0.7745925
2851200	15	9.707	2.489765	0.68	0.755205
2854800	81	10.0375	2.519125	0.6	0.7529685
2858400	241	10.4835	2.77852	0.88	0.7556925
2862000	252	10.745	2.24087	0.94	0.792381
2865600	221	11.082	2.44478	0.97	0.7871165
2869200	216	13.197	3.162475	0.64	0.6461685
2872800	276	12.7330000000001	3.96417	0.24300001	0.623417
2876400	355	11.2095	2.65723	0.36	0.732132
2880000	389	11.827	2.95726	0.29	0.694321
2883600	282	12.1705000000001	2.27066	0.41	0.674241
2887200	150	12.6940000000001	2.37608	0.28	0.667793
2890800	44	11.8485	2.262875	0.21	0.7156755
2894400	0	11.5735	1.500335	0.3	0.7278215
2898000	0	10.5065000000001	1.773365	0.3	0.7660565
2901600	0	9.7885	2.066585	0.27	0.7911625
2905200	0	9.716	1.959155	0.33	0.791685
2908800	0	9.8485000000001	2.33493	0.93	0.786861
2912400	0	10.0885	1.853965	0.51	0.7702745
2916000	0	10.0515	1.663955	0.68	0.787883
2919600	0	9.8665	0.801635	0.93	0.7841645
2923200	0	9.9085	1.1269835	0.84	0.7721165
2926800	0	9.9160000000001	2.01267	0.72	0.7790345
2930400	0	9.806	1.793465	0.43	0.7870925
2934000	0	9.7995	2.012135	0.48	0.7912045
2937600	36	9.9765	1.628045	0.4	0.797432
2941200	137	10.1285	1.57195	0.29	0.7706335
2944800	220	10.7215	1.950815	0.34	0.721816
2948400	375	10.635	1.91327	0.36	0.7218055
2952000	414	11.452	2.53196	0.31	0.6600325
2955600	448	12.36	2.6854	0.48	0.6146835
2959200	353	11.415	2.27907	0.42	0.7046395
2962800	423	12.2005	2.117745	0.18	0.6552495
2966400	333	12.1435	2.192415	0.42	0.6036215
2970000	266	11.6945	1.568425	0.45	0.5710355
2973600	159	11.9690000000001	1.0115215	0.4	0.5807855
2977200	43	10.8055000000001	1.0901525	0.26	0.6381855
2980800	0	9.4905	0.559415	0.34	0.696961
2984400	0	8.77449999999999	0.3827995	0.21	0.7574115
2988000	0	9.3455	1.364375	0.31	0.7272285
2991600	0	9.6415000000001	1.6293	0.24	0.707267
2995200	0	9.4975000000001	1.400955	0.52	0.725175
2998800	0	9.059	1.0601925	0.21	0.7362105
3002400	0	9.0985000000001	1.57165	0.36	0.735042
3006000	0	7.87450000000001	0.4959815	0.41	0.794063
3009600	0	6.03050000000002	0.351042	0.38	0.852464
3013200	0	5.11850000000004	0.179855	0.36	0.898058
3016800	0	5.56299999999999	0.1618767	0.6	0.9015455
3020400	0	7.62049999999999	1.368465	0.66	0.836947
3024000	50	8.89000000000004	1.06312	0.55	0.805109
3027600	144	9.6805000000001	1.3697	0.57	0.7808985
3031200	257	10.2	1.37438	0.46	0.7781955
3034800	418	12.1875	1.676195	0.35	0.635694
3038400	479	12.9445000000001	2.016685	0.6	0.5965995
3042000	541	13.494	2.178815	0.49	0.547343
3045600	553	13.8475	1.820845	0.68	0.550775
3049200	522	12.4835	2.133675	0.4	0.67937
3052800	378	13.5890000000001	1.7177	0.45	0.5614855
3056400	281	14.0365	1.262845	0.41	0.572675
3060000	157	13.739	0.9076155	0.4	0.58177
3063600	39	12.6455	0.4854335	0.31	0.6582705
3067200	0	10.729	0.2774075	0.21	0.788555
3070800	0	10.5125	0.498344	0.3	0.7747755
3074400	0	10.036	0.2535525	0.34	0.8043125
3078000	0	9.689	0.1281443	0.19	0.8196445
3081600	0	8.66449999999998	0.5084445	0.28	0.827712
3085200	0	8.35599999999999	0.1592158	0.7	0.8328115
3088800	0	8.31550000000004	0.372934	0.91	0.83083
3092400	0	8.0385	0.3873925	0.84	0.831184
3096000	0	7.20800000000003	0.316058	0.96	0.8534175
3099600	0	5.95250000000004	0.4852432	0.72	0.8838235
3103200	0	5.54700000000003	0.5407875	0.15	0.8964715
3106800	0	7.1395	0.4102635	0.1	0.874003
3110400	49	8.62100000000004	2.02456	0.19	0.8651155
3114000	164	10.5835	1.33442	0.28	0.777969
3117600	287	12.121	1.357445	0.47	0.6599245
3121200	404	12.965	0.672522	0.25	0.5645135
3124800	530	12.151	1.0705705	0.17	0.5997055
3128400	565	14.2185	0.907933	0.19	0.493341
3132000	499	14.4575	1.60189	0.29	0.5076945
3135600	470	13.8675	1.467855	0.48	0.5062335
3139200	367	14.5625	1.55243	0.44	0.4809975
3142800	271	13.5895	0.7698975	0.35	0.555552
3146400	131	11.365	0.272866	0.18	0.6816345
3150000	37	9.9195	0.356456	0.23	0.7027985
3153600	0	8.67700000000002	0.2979755	0.27	0.766654
3157200	0	7.69500000000005	0.180848	0.14	0.803134
3160800	0	6.49700000000001	0.166967	0.02	0.838743
3164400	0	5.9135	0.1644845	0	0.8613025
3168000	0	4.83900000000006	0.1886431	0	0.891914
3171600	0	4.86250000000001	0.4395465	0	0.9082745
3175200	0	3.14400000000001	0.335027	0	0.9335055
3178800	0	2.44450000000006	0.3036355	0.01	0.9586225
3182400	0	2.24099999999999	0.3448295	0.01	0.978936
3186000	0	1.13400000000001	0.34723	0.05	1
3189600	0	0.40200000000004	0.421117	0	1
3193200	0	0.72000000000003	0.440781	0.58	1
3196800	49	4.56799999999998	0.546414	0.59	0.9837765
3200400	168	8.46199999999999	0.352438	0.66	0.851841
3204000	260	10.2335	0.512725	0.24	0.749031
3207600	455	12.0795000000001	1.05939	0.012	0.569599
3211200	548	13.3785	0.959731	0.28	0.4783255
3214800	618	13.9	0.9718435	0.3	0.4939855
3218400	617	14.364	1.215275	0.68	0.498668
3222000	552	14.6555	0.9638685	0.83	0.487248
3225600	369	14.6655000000001	0.934949	0.59	0.489883
3229200	262	14.7935	0.3613715	0.62	0.523998
3232800	149	13.1075	0.1869185	0.58	0.6533575
3236400	38	10.424	0.23844	0.5	0.741426
3240000	0	9.2135	0.0334469	0.29400002	0.7744245
3243600	0	8.26050000000004	0.3015265	0.28500002	0.805044
3247200	0	7.60149999999999	0.170438	0.29400002	0.818336
3250800	0	6.81050000000005	0.3679865	0.29400002	0.8370885
3254400	0	6.8125	0.2248435	0.30000002	0.8269195
3258000	0	6.19749999999999	0.1852945	0.297	0.856496
3261600	0	5.41150000000005	0.309394	0.4	0.8878865
3265200	0	5.23099999999999	0.3063765	0.30000002	0.8940075
3268800	0	5.05650000000003	0.0455898	0.27300001	0.9044375
3272400	0	4.84250000000003	0.2725245	0.88	0.9071525
3276000	0	4.22550000000001	0.2163802	0.21	0.9211535
3279600	0	4.46800000000007	0.14047205	0.57	0.944406
3283200	43	7.51650000000006	0.555153	0.9	0.8782005
3286800	74	10.564	1.275225	0.95	0.730161
3290400	198	11.1795	0.88273	0.79	0.7242565
3294000	350	13.7515	1.229534	0.29	0.597697
3297600	511	14.624	0.62524	0.92	0.562942
3301200	548	15.785	1.413495	1	0.508311
3304800	606	16.5285	0.3537535	0.98	0.4994465
3308400	518	16.567	1.581235	1	0.526819
3312000	367	16.823	1.219195	0.97	0.51769
3315600	210	17.0245	0.723973	0.99	0.5403445
3319200	84	16.0175	0.2966575	0.99	0.60404
3322800	18	14.681	0.421327	0.86	0.6453975
3326400	0	13.2265	0.2665885	0.45	0.695218
3330000	0	11.5495	0.13334235	0.64	0.768792
3333600	0	11.309	0.331885	0.55	0.7875755
3337200	0	10.593	0.1589365	0.82	0.8199505
3340800	0	10.2910000000001	0.254845	0.36	0.8270175
3344400	0	10.1180000000001	0.2528095	0.51	0.8352425
3348000	0	10.337	0.37178	0.52	0.8343745
3351600	0	10.124	0.363609	0.26	0.8346565
3355200	0	9.354	0.318709	0.15900001	0.8520495
3358800	0	9.341	0.2536815	0.22	0.8538495
3362400	0	9.134	0.0833859	0.31	0.860931
3366000	0	9.4035	0.3146465	1	0.8708165
3369600	27	10.6915	0.8795915	1	0.9043345
3373200	115	12.4745	1.51191	1	0.8433895
3376800	237	13.855	0.681123	0.71	0.7373125
3380400	359	15.256	0.08575155	0.15	0.6820705
3384000	505	16.106	1.595045	0.45	0.6165635
3387600	414	16.845	1.444995	0.88	0.62148
3391200	399	17.016	1.40974	0.73	0.656083
3394800	312	16.2445	0.666304	0.89	0.689096
3398400	280	16.4515	1.153665	0.57	0.679848
3402000	183	16.3395	0.942201	0.246	0.698095
3405600	97	15.2995	1.0819475	0.6	0.753674
3409200	21	13.3995	0.633557	0.44	0.8422175
3412800	0	12.499	1.733725	0.41	0.8523835
3416400	0	11.702	0.5626885	0.38	0.9021045
3420000	0	11.287	1.0318025	0.47	0.916116
3423600	0	11.6535	0.9242705	0.35	0.888416
3427200	0	11.453	1.246385	0.3	0.896005
3430800	0	9.8255	1.9063	0.45	0.9660595
3434400	0	10.312	2.880085	0.34	0.945767
3438000	0	10.3390000000001	3.20543	0.28	0.9340535
3441600	0	10.4695	2.40105	0.31	0.901454
3445200	0	9.976	2.101895	0.55	0.9002415
3448800	0	9.917	2.287315	0.75	0.9055365
3452400	0	10.1375	1.784815	0.99	0.9246425
3456000	5	9.5685	1.220465	0.99	0.968796
3459600	30	11.8925	1.812925	0.88	0.843363
3463200	83	12.792	1.62681	0.91	0.802746
3466800	171	13.1185	2.2788	0.96	0.7445925
3470400	254	14.149	3.408305	0.81	0.6513495
3474000	415	14.9195	3.22915	0.15	0.591697
3477600	408	15.273	4.08799	0.39	0.5254755
3481200	405	15.706	4.0218	0.47	0.49006
3484800	359	15.542	2.507955	0.33	0.5317555
3488400	212	14.985	1.641875	0.77	0.579024
3492000	124	13.5245	0.7112305	0.51	0.672925
3495600	23	12.5625	1.001306	0.37	0.6961295
3499200	0	10.2275	0.353099	0.27	0.782837
3502800	0	9.5405000000001	0.1429215	0.24	0.8068755
3506400	0	10.0675	1.0806415	0.18	0.76943
3510000	0	10.943	1.46096	0.27	0.7616875
3513600	0	10.702	0.7223215	0.73	0.790263
3517200	0	10.991	1.42787	0.95	0.7682295
3520800	0	11.1565000000001	1.110763	0.98	0.7560935
3524400	0	11.138	0.8257	0.75	0.7557665
3528000	0	11.381	1.267611	0.96	0.7338735
3531600	0	12.143	2.827605	0.98	0.66854
3535200	0	12.31	3.74869	0.97	0.661092
3538800	0	11.014	4.454855	1	0.790406
3542400	8	11.3495	5.9245	0.98	0.769461
3546000	40	11.8255	6.80467	0.94	0.7445995
3549600	102	11.9160000000001	6.51785	0.89	0.7540475
3553200	152	12.2385	7.133925	0.72	0.687905
3556800	263	12.677	7.41396	0.34	0.674574
3560400	410	12.8515	6.81031	0.44	0.663577
3564000	467	12.899	4.76778	0.66	0.6124865
3567600	406	12.4475	5.515665	0.8	0.609124
3571200	305	10.4915	3.258325	0.95	0.765143
3574800	270	10.6525	2.134205	0.93	0.7724265
3578400	119	9.827	0.9157105	0.72	0.7771115
3582000	23	9.8765	2.0041995	0.97	0.755361
3585600	0	9.8625000000001	3.727775	0.89	0.7647335
3589200	0	9.3390000000001	3.1836	0.84	0.7780605
3592800	0	9.168	4.221265	0.74	0.783451
3596400	0	9.1055	4.579465	0.44	0.781911
3600000	0	8.91150000000005	3.33219	0.78	0.7816845
3603600	0	8.822	3.742505	0.27	0.780615
3607200	0	8.75900000000001	3.33143	0.77	0.779434
3610800	0	8.82350000000002	2.96051	1	0.7846335
3614400	0	8.88650000000001	2.29606	0.99	0.7787995
3618000	0	8.64449999999999	2.151375	1	0.7703145
3621600	0	8.01600000000002	1.57258	1	0.7819445
3625200	0	7.46700000000004	1.745705	1	0.8272375
3628800	19	7.38	1.450595	1	0.856556
3632400	87	7.67400000000004	1.18087	1	0.8599775
3636000	91	7.88750000000005	1.33403	1	0.8751745
3639600	60	8.89500000000004	3.21784	1	0.85476
3643200	104	10.007	4.677965	0.77	0.815414
3646800	134	11.2265	6.20711	0.36	0.7503055
3650400	341	11.234	4.301325	0.36	0.718325
3654000	323	11.9305000000001	4.29892	0.37	0.571279
3657600	338	11.7515	4.802865	0.35	0.548198
3661200	213	11.159	2.313525	0.4	0.5924865
3664800	110	10.5735	1.63643	0.55	0.627655
3668400	22	8.63499999999999	0.546995	0.6	0.7432775
3672000	0	7.58000000000004	0.930085	0.28	0.770786
3675600	0	6.51900000000001	0.6961805	0.25800001	0.804257
3679200	0	5.08850000000001	0.3377435	0.21	0.8567635
3682800	0	4.20100000000002	0.30722	0.31	0.8789095
3686400	0	5.20800000000003	1.70926	0.34	0.8749505
3690000	0	4.65600000000001	1.84751	0.18	0.898724
3693600	0	4.12900000000002	1.109964	0.24300001	0.906542
3697200	0	3.35450000000003	0.945815	0.267	0.9076295
3700800	0	3.09350000000006	1.051854	0.141	0.9387565
3704400	0	2.68150000000003	0.7335465	0.072000003	0.9575245
3708000	0	2.30650000000003	1.3190365	0.13500001	0.99462
3711600	0	1.97199999999998	1.4075705	0.06	1
3715200	32	4.14800000000002	2.23641	0.075000005	1
3718800	149	7.40700000000004	2.736645	0.06	0.9238665
3722400	294	9.311	2.187885	0.003	0.8279095
3726000	409	10.105	2.277805	0.19	0.7225155
3729600	442	10.66	1.2504685	0.30000002	0.640562
3733200	418	12.4640000000001	1.511925	0.55	0.5429825
3736800	402	12.5715	1.301015	0.92	0.575221
3740400	379	13.283	1.3345405	0.84	0.60057
3744000	269	13.0325	0.5272255	0.26	0.643555
3747600	179	13.0170000000001	0.6077675	0.33	0.647128
3751200	99	11.8595	0.427708	0.39	0.7028785
3754800	15	10.7675	0.2712564	0.62	0.743764
3758400	0	9.3545	0.0496525	0.65	0.800788
3762000	0	8.94050000000004	0.438785	0.21	0.8097935
3765600	0	9.1095	0.219201	0.52	0.8089655
3769200	0	9.044	0.283404	0.77	0.808256
3772800	0	9.2855000000001	0.28839835	0.98	0.7932475
3776400	0	9.246	0.311929	0.85	0.805404
3780000	0	8.89150000000001	0.2039785	0.77	0.839638
3783600	0	8.32450000000006	0.285397	0.94	0.878444
3787200	0	7.95450000000005	0.12053335	0.96	0.904433
3790800	0	7.97149999999999	0.270261	0.88	0.8969455
3794400	0	8.02750000000003	0.263345	0.84	0.887479
3798000	0	8.20000000000005	0.311832	0.8	0.8913825
3801600	27	9.311	0.4712385	0.31	0.843121
3805200	158	10.3545	0.705872	0.051000004	0.7744825
3808800	203	10.83	0.646725	0.165	0.733099
3812400	334	11.326	0.2997095	0.123	0.684372
3816000	471	11.852	0.773587	0.42	0.665236
3819600	492	12.8995	1.749035	0.28500002	0.5665805
3823200	453	13.5505000000001	2.07345	0.28500002	0.548636
3826800	392	13.6545	1.98049	0.25500002	0.5266735
3830400	269	13.672	1.53332	0.12	0.5647425
3834000	144	13.741	0.8672505	0.28	0.632468
3837600	52	12.7655	0.2767205	0.56	0.676391
3841200	9	11.201	0.2565715	0.59	0.7667785
3844800	0	10.8725	0.155952	0.68	0.7879675
3848400	0	10.506	0.20183	0.24	0.810179
